Position: 2.9321670532226562, 1.3145041465759277, 72.37043762207031 | pointAtCoord: 50.52098083496094, 58.17673873901367, 72.37043762207031 | entity: 382979 - test
Position: 139.1585693359375, -1179.1124267578125, 31.22740936279297 | pointAtCoord: 124.16255187988281, -1200.6533203125, 28.439077377319336 | entity: 501252 - join_cam
